I	87388	87500	1	1	1	4	0	29
I	139188	139218	0	0	1	3	0	11
I	142254	142619	1	1	1	271	0	33
II	45645	45977	1	1	0	221	0	33
II	47059	47146	2	2	1	10	0	17
II	60194	60697	2	2	1	147	0	32
II	89133	89440	2	2	0	57	0	24
II	110880	110948	1	1	1	1	0	7
II	125155	125270	1	1	1	3	0	30
II	142750	142846	2	2	1	10	0	18
II	168425	168808	1	1	1	133	0	31
II	170677	170804	1	1	1	22	0	28
II	186353	186427	2	2	1	4	0	33
II	332876	333386	1	1	1	118	0	32
II	393181	393510	1	1	1	37	0	29
II	407028	407122	2	2	1	165	0	30
II	414754	415259	2	2	1	90	0	24
II	592417	592768	2	2	1	134	0	32
II	604515	604927	1	1	1	405	0	33
II	606281	606668	1	1	1	91	0	33
III	101634	101700	2	2	1	1	0	30
III	107034	107110	1	1	1	45	0	32
III	107192	107287	1	1	1	15	0	29
III	111580	111633	2	2	0	1	0	22
III	177907	178213	2	2	1	219	0	31
III	227979	227997	0	0	1	23	0	31
III	293940	293993	1	1	1	21	0	30
IV	65307	65377	1	1	1	19	0	14
IV	117667	118157	1	1	1	135	0	25
IV	216158	216489	1	1	0	4	0	18
IV	217603	218007	1	1	1	94	0	33
IV	230020	230320	1	1	1	83	0	28
IV	239399	239509	2	2	1	42	0	12
IV	307334	307765	2	2	1	53	0	32
IV	308428	308792	1	1	1	122	0	31
IV	322283	322703	1	1	1	441	0	34
IV	337525	337634	1	1	1	13	0	31
IV	340811	341219	2	2	0	34	0	26
IV	359614	359636	0	0	1	1	0	19
IV	399362	399484	1	1	1	44	0	34
IV	427467	427574	1	1	0	1	0	14
IV	431387	431472	2	2	1	19	0	25
IV	450869	451381	1	3	0	10	0	17
IV	458018	458097	2	2	1	8	0	4
IV	491560	491898	1	1	1	273	0	33
IV	546796	546840	1	1	0	4	0	13
IV	569634	569723	2	2	1	1	0	14
IV	579479	580017	1	1	1	160	0	33
IV	601032	601073	2	2	0	1	0	23
IV	652781	653523	1	1	0	44	0	29
IV	715248	715358	2	2	1	3	0	16
IV	733703	733775	2	2	1	17	0	17
IV	757419	757610	2	2	0	1	0	25
IV	1236843	1237608	1	1	1	36	0	32
IV	1266770	1266861	2	2	1	12	0	29
IV	1319618	1319697	2	2	1	53	0	23
IV	1319721	1319816	2	2	1	54	0	23
IV	1355237	1355550	2	2	1	21	0	27
IV	1359970	1360404	1	1	1	265	0	34
IV	1401801	1402184	1	1	1	467	0	34
IV	1450458	1450846	2	2	1	1162	0	29
IX	47699	47760	1	1	1	10	0	22
IX	68716	69149	1	1	1	130	0	32
IX	99096	99385	2	2	1	84	0	33
IX	127662	128148	1	1	0	13	0	26
IX	155223	155310	1	3	1	6	0	18
IX	159848	159938	0	0	0	11	0	33
IX	231958	232366	2	2	1	32	0	30
IX	256555	257026	2	2	1	206	0	33
IX	316772	317171	1	1	1	105	0	33
IX	348364	348494	2	2	1	5	0	20
MT	18992	20507	0	0	1	203	0	31
MT	20985	21994	0	0	1	9	0	28
MT	22247	23611	0	0	1	55	0	33
MT	23747	25317	0	0	1	1	0	25
MT	25343	26228	2	6	1	56	0	25
MT	36955	37722	2	6	1	65	0	14
MT	37737	39140	0	0	1	63	0	14
MT	39218	40840	0	0	1	110	0	30
MT	41091	42507	0	0	1	108	0	32
MT	42559	43296	0	0	1	146	0	31
MT	60487	60529	2	2	0	11	0	18
MT	60725	61867	0	0	1	1120	0	34
V	122795	122827	0	0	0	5	0	31
V	148195	148282	1	1	1	10	0	33
V	158995	159087	2	2	1	19	0	32
V	166772	166874	2	2	1	35	0	30
V	269752	270148	2	2	1	230	0	34
V	269784	270148	2	2	0	10	0	32
V	306326	306791	1	1	1	86	0	33
V	307747	307848	1	1	1	2	0	21
V	348202	348276	2	2	1	3	0	27
V	362733	363092	1	1	0	38	0	25
V	396811	397281	1	1	1	657	0	30
V	423591	423951	1	1	0	107	0	27
V	432672	433196	1	1	1	37	0	33
VI	54378	54686	2	2	1	63	0	26
VI	63860	63973	2	2	1	1	0	32
VI	64600	64920	2	2	1	7	0	17
VI	203293	203386	2	2	1	2	0	29
VI	221268	221414	2	2	1	178	0	32
VI	223441	223771	2	2	0	708	0	32
VII	62132	62189	1	1	1	9	0	6
VII	69062	69113	1	1	0	6	0	26
VII	72989	73137	2	2	1	66	0	31
VII	148599	148966	2	2	0	472	0	31
VII	150184	150525	2	2	0	4	0	16
VII	249887	250086	1	1	1	7	0	22
VII	311016	311526	1	1	1	307	0	34
VII	346809	346893	2	2	1	11	0	21
VII	364965	365432	2	2	1	566	0	34
VII	365527	365985	2	2	1	455	0	34
VII	437942	438397	2	2	0	34	0	26
VII	439094	439323	1	1	1	739	0	33
VII	497366	497458	2	2	1	3	0	21
VII	497938	497999	2	2	1	13	0	34
VII	534474	534785	2	2	0	19	0	23
VII	543639	543721	1	1	1	1	0	24
VII	555831	556307	1	1	1	185	0	33
VII	649669	649727	2	2	0	2	0	22
VII	727039	727357	1	1	1	195	0	33
VII	787787	788178	2	2	0	51	0	25
VII	920665	921119	1	1	1	100	0	32
VIII	104406	104803	1	1	1	13	0	30
VIII	107832	107894	1	1	1	5	0	30
VIII	116228	116472	1	1	0	1	0	12
VIII	126552	127112	1	1	1	331	0	34
VIII	129529	129647	1	1	1	21	0	25
VIII	148117	148666	2	2	1	203	0	33
VIII	187515	187676	2	2	1	47	0	28
VIII	189750	189850	2	2	1	15	0	25
VIII	255638	255750	2	2	1	17	0	31
VIII	298361	298484	2	2	1	6	0	4
VIII	354865	354955	1	1	1	3	0	6
VIII	382307	382747	2	2	1	468	0	33
VIII	388929	388959	0	0	1	5	0	18
VIII	505248	505516	2	2	1	220	0	33
VIII	548651	548765	1	1	0	12	0	27
X	73797	74204	1	1	1	155	0	31
X	75939	76324	1	1	1	466	0	33
X	91095	91411	1	1	1	130	0	33
X	120918	120990	2	2	0	1	0	19
X	156790	157249	2	2	1	254	0	33
X	172433	172752	2	2	0	20	0	27
X	365785	365902	1	1	1	20	0	27
X	396494	396570	2	2	1	3	0	33
X	435228	435343	1	1	1	11	0	26
X	479645	479645	0	0	1	1	0	1
X	608307	608581	1	1	1	428	0	34
X	702799	703054	2	2	1	106	0	33
XI	82999	83074	1	1	1	6	0	34
XI	109578	109883	1	1	1	275	0	33
XI	158616	158966	1	1	1	243	0	30
XI	283096	283421	1	1	1	49	0	30
XI	326864	327433	2	2	0	1	0	23
XI	430456	430596	2	2	1	1	0	29
XI	432035	432432	1	1	1	55	0	28
XI	437838	437905	1	1	1	1	0	10
XI	551681	552002	1	1	1	38	0	34
XI	618375	618742	2	2	1	36	0	28
XI	625902	625976	1	1	1	5	0	19
XII	40222	40400	2	2	1	209	0	33
XII	242322	242680	1	1	1	63	0	33
XII	263206	263594	1	1	1	97	0	33
XII	286468	286556	2	2	1	2	0	22
XII	398533	398626	1	1	1	7	0	15
XII	522670	523028	1	1	1	735	0	28
XII	694383	694472	1	1	1	1	0	13
XII	712726	713155	2	2	1	1248	0	32
XII	766074	766129	2	2	1	3	0	9
XII	789114	789260	2	2	0	1	0	22
XII	795913	796335	2	2	0	58	0	32
XII	819331	819777	1	1	1	185	0	33
XII	855878	856434	1	1	0	19	0	32
XII	856575	857057	1	1	1	62	0	28
XII	898158	898645	1	1	0	112	0	30
XII	931350	931698	2	2	1	118	0	33
XII	1028869	1029252	1	1	1	68	0	32
XIII	23361	23658	2	2	1	12	0	32
XIII	82291	82373	1	1	1	6	0	30
XIII	99260	99375	2	2	1	8	0	31
XIII	123743	124157	2	2	1	95	0	33
XIII	140091	140183	2	2	1	13	0	10
XIII	163309	163716	2	2	1	7	0	29
XIII	223381	223781	2	2	1	306	0	34
XIII	225240	225338	2	2	1	22	0	33
XIII	225892	226289	1	1	1	400	0	31
XIII	236592	236953	1	1	1	13	0	26
XIII	242955	243056	1	5	0	1	0	20
XIII	424998	425153	1	1	1	22	0	33
XIII	499879	500151	2	2	1	61	0	31
XIII	517564	517885	1	1	1	24	0	28
XIII	550802	551203	2	2	1	87	0	33
XIII	551952	552495	1	1	1	100	0	33
XIII	626386	626454	0	0	0	6	0	31
XIII	651161	651623	1	1	1	230	0	34
XIII	721199	721345	2	2	1	1	0	30
XIII	732466	732875	1	1	1	203	0	33
XIII	753743	754219	2	2	1	53	0	31
XIV	62373	62923	2	2	1	310	0	33
XIV	64019	64450	2	2	1	16	0	32
XIV	185492	185586	1	1	1	20	0	30
XIV	331326	331837	1	1	1	103	0	31
XIV	350958	351053	1	1	1	2	0	14
XIV	380690	380781	2	2	1	21	0	28
XIV	414912	415913	1	1	1	64	0	31
XIV	443827	444171	2	2	1	143	0	33
XIV	494525	494973	2	2	1	171	0	33
XIV	501157	501502	1	1	0	9	0	33
XIV	506200	506256	2	2	0	5	0	29
XIV	534875	534965	2	2	1	4	0	27
XIV	545292	545370	1	1	1	16	0	26
XIV	704313	704501	2	2	0	1	0	20
XIV	704355	704522	2	2	0	1	0	33
XIV	721771	722302	2	2	1	29	0	14
XV	80361	80774	1	1	1	266	0	34
XV	92441	92830	2	2	1	63	0	30
XV	93844	94290	2	2	1	176	0	33
XV	115174	115197	1	1	0	1	0	24
XV	240948	241025	2	2	1	3	0	20
XV	301133	301162	0	0	1	2	0	18
XV	505938	506338	1	1	1	85	0	30
XV	552666	552874	2	2	1	19	0	27
XV	678380	678790	2	2	1	114	0	31
XV	778860	779386	2	2	1	127	0	33
XV	780121	780277	1	1	1	3	0	21
XV	791685	792015	2	2	0	2	0	20
XV	867150	867586	1	1	1	388	0	34
XV	900768	901193	2	2	1	83	0	27
XV	980719	980751	0	0	1	104	0	32
XV	1028397	1028538	2	2	0	4	0	20
XVI	75986	76223	2	2	1	430	0	34
XVI	96154	96233	2	2	1	5	0	33
XVI	138726	138864	1	1	1	52	0	31
XVI	173163	173571	1	1	1	28	0	33
XVI	173666	174072	1	1	1	48	0	32
XVI	185424	185786	1	1	0	1	0	14
XVI	281374	281503	2	2	1	12	0	25
XVI	282141	282665	1	1	1	298	0	34
XVI	305307	305411	1	1	1	23	0	31
XVI	345445	345596	2	2	1	1	0	11
XVI	377996	378389	2	2	1	144	0	33
XVI	404957	405457	1	1	1	38	0	28
XVI	406647	407067	1	1	1	182	0	33
XVI	445503	445576	2	2	0	4	0	31
XVI	582559	582701	2	2	1	4	0	27
XVI	623578	623710	1	1	1	2	0	5
XVI	654168	654570	1	1	1	390	0	33
XVI	678194	678279	2	2	1	1	0	24
XVI	729386	729481	2	2	1	3	0	11
XVI	795030	795394	1	1	1	213	0	34
XVI	833694	833827	1	1	1	2	0	7
XVI	869001	869234	2	2	0	1	0	29
XVI	883388	883486	1	1	1	1	0	17
XVI	911277	911352	1	1	1	136	0	29
